0.00000 0.00000 10.00000
0.05000 0.46764 8.32825
0.10000 0.80079 4.74913
0.15000 0.92645 0.21040
0.20000 0.82474 -4.15723
0.25000 0.53102 -7.31903
0.30000 0.12482 -8.57874
0.35000 -0.29138 -7.72832
0.40000 -0.61770 -5.07373
0.45000 -0.78059 -1.33693
0.50000 -0.74912 2.53688
0.55000 -0.54029 5.61584
0.60000 -0.21262 7.20363
0.65000 0.14985 6.99365
0.70000 0.45886 5.12376
0.75000 0.64321 2.12153
0.80000 0.66497 -1.24101
0.85000 0.52686 -4.14318
0.90000 0.26968 -5.91436
0.95000 -0.03933 -6.18666
1.00000 -0.32394 -4.96841
1.05000 -0.51727 -2.62297
1.10000 -0.57765 0.23445
1.15000 -0.49713 2.89645
1.20000 -0.30182 4.73703
1.25000 -0.04396 5.35656
1.30000 0.21182 4.66667
1.35000 0.40454 2.89608
1.40000 0.49126 0.52016
1.45000 0.45643 -1.86410
1.50000 0.31430 -3.68690
1.55000 0.10406 -4.54024
1.60000 -0.12078 -4.26785
1.65000 -0.30582 -2.98954
1.70000 -0.40880 -1.05963
1.75000 -0.40913 1.02912
1.80000 -0.31175 2.77020
1.85000 -0.14466 3.76493
1.90000 0.04882 3.81203
1.95000 0.22120 2.94649
2.00000 0.33234 1.41967
2.05000 0.35871 -0.37180
2.10000 0.29813 -1.98711
2.15000 0.16931 -3.04908
2.20000 0.00635 -3.33109
2.25000 -0.15017 -2.80390
2.30000 -0.26321 -1.63289
2.35000 -0.30788 -0.12904
2.40000 -0.27684 1.33227
2.45000 -0.18122 2.40396
2.50000 -0.04698 2.84952
2.55000 0.09193 2.59285
2.60000 0.20211 1.72948
2.65000 0.25865 0.49527
2.70000 0.25066 -0.79692
2.75000 0.18321 -1.83589
2.80000 0.07530 -2.38576
2.85000 -0.04533 -2.33906
2.90000 -0.14924 -1.73611
2.95000 -0.21245 -0.74799
3.00000 -0.22185 0.37057
3.05000 -0.17781 1.34608
3.10000 -0.09345 1.95254
3.15000 0.00909 2.06310
3.20000 0.10448 1.67568
3.25000 0.17026 0.90698
3.30000 0.19217 -0.04082
3.35000 0.16712 -0.93256
3.40000 0.10339 -1.55813
3.45000 0.01808 -1.78116
3.50000 -0.06739 -1.56794
3.55000 -0.13260 -0.99070
3.60000 -0.16295 -0.20517
3.65000 -0.15292 0.59105
3.70000 -0.10686 1.20734
3.75000 -0.03754 1.50524
3.80000 0.03737 1.42914
3.85000 0.09968 1.01551
3.90000 0.13516 0.37964
3.95000 0.13664 -0.31586
4.00000 0.10541 -0.90202
4.05000 0.05054 -1.24416
4.10000 -0.01371 -1.27246
4.15000 -0.07155 -0.99557
4.20000 -0.10949 -0.49453
4.25000 -0.11943 0.10017
4.30000 -0.10037 0.64194
4.35000 -0.05827 1.00390
4.40000 -0.00432 1.10845
4.45000 0.04804 0.94334
4.50000 0.08637 0.56100
4.55000 0.10220 0.06334
4.60000 0.09286 -0.42510
4.65000 0.06180 -0.78808
4.70000 0.01750 -0.94532
4.75000 -0.02881 -0.86914
4.80000 -0.06599 -0.58911
4.85000 -0.08559 -0.18210
4.90000 -0.08378 0.24833
4.95000 -0.06208 0.59869
